cat train.data.vw | vw --nn 5 -f predictor.vw -p train_prediction.txt
final_regressor = predictor.vw
Num weight bits = 18
learning rate = 0.5
initial_t = 0
power_t = 0.5
predictions = train_prediction.txt
using no cache
Reading datafile = 
num sources = 1
average    since         example     example  current  current  current
loss       last          counter      weight    label  predict features
0.000000   0.000000            3         3.0   0.0000   0.0000       10
0.000000   0.000000            6         6.0   0.0000   0.0000       10
0.000000   0.000000           11        11.0   0.0000   0.0000        8
0.000000   0.000000           22        22.0   0.0000   0.0000        9
0.002203   0.004406           44        44.0   0.0000   0.0000        9
0.055184   0.109397           87        87.0   1.0000   0.0977       10
0.044408   0.033631          174       174.0   0.0000   0.3022       10
0.052478   0.060548          348       348.0   0.0000   0.0054        9
0.039798   0.027119          696       696.0   0.0000   0.0047       10
0.041671   0.043543         1392      1392.0   0.0000   0.1735       10
0.044872   0.048073         2784      2784.0   0.0000   0.0779        9
0.039001   0.033130         5568      5568.0   0.0000   0.0663       10
0.038015   0.037030        11135     11135.0   0.0000   0.0305       10
0.037839   0.037662        22269     22269.0   0.0000   0.0822        9
0.036418   0.034998        44537     44537.0   1.0000   0.0218       10
0.036942   0.037465        89073     89073.0   0.0000   0.0538       10
0.035926   0.034910       178146    178146.0   0.0000   0.0486       10
0.035398   0.034870       356291    356291.0   0.0000   0.0517       10
0.035348   0.035299       712582    712582.0   0.0000   0.0604       10
0.035230   0.035112      1425163   1425163.0   0.0000   0.0525       10
0.035016   0.034803      2850326   2850326.0   0.0000   0.0757        8
0.034968   0.034919      5700651   5700651.0   0.0000   0.0110       10
0.034985   0.035003     11401301  11401301.0   0.0000   0.0212        9
0.034975   0.034965     22802601  22802601.0   0.0000   0.0288       10
0.034952   0.034929     45605201  45605201.0   0.0000   0.0029       10
0.034954   0.034957     91210401  91210401.0   0.0000   0.0539       10

finished run
number of examples = 119711284
weighted example sum = 1.19711e+08
weighted label sum = 4.63602e+06
average loss = 0.034934
best constant = 0.0387267
best constant's loss = 0.037227
total feature number = 1160868568



python scoreKDD.py train_first2.csv train_prediction.txt 
AUC  : 0.654051
